0
0.000270833
0.000410417
0.000527083
0.000479167
0.00050625
0.000525
0.000572917
0.000635417
0.00073125
0.0008625
0.00100417
0.00128542
0.00176458
0.00268125
0.00380625
0.00500208
0.00613333
0.00679375
0.00650208
0.00613958
0.00599583
0.00657917
0.00816458
0.0101271
0.0117333
0.0125229
0.0130208
0.0119
0.0112083
0.0104937
0.0115875
0.0124229
0.0131583
0.0133042
0.0139646
0.0141354
0.0143104
0.0144354
0.0140729
0.01385
0.0132333
0.0129062
0.0122604
0.0117958
0.01135
0.0114688
0.0109625
0.0101938
0.00981875
0.009775
0.00955833
0.00959583
0.0096625
0.00950417
0.00935
0.00926667
0.00903125
0.00891875
0.0089875
0.00870833
0.00853542
0.00855417
0.00849375
0.00855417
0.008625
0.00821875
0.00805
0.00805625
0.0076875
0.00723125
0.00655417
0.00592917
0.00531875
0.00478958
0.00441667
0.00405208
0.00364375
0.00352083
0.003375
0.00344167
0.00348542
0.0034875
0.00325833
0.00298958
0.00297292
0.0033625
0.00390208
0.00462708
0.00541042
0.00653958
0.00712917
0.00733125
0.00765417
0.0083
0.008975
0.00968125
0.0104458
0.0108646
0.0110542
0.0111604
0.0112646
0.0113833
0.0118229
0.0123833
0.0125979
0.0132229
0.0140479
0.0146
0.0149437
0.0148479
0.0145854
0.0144313
0.0142437
0.0141833
0.0140917
0.0137271
0.0134875
0.0130479
0.0127854
0.0129667
0.0133792
0.0135083
0.0134896
0.013575
0.0139604
0.0139375
0.0141167
0.0137042
0.0131604
0.0125729
0.01245
0.0124646
0.0121562
0.0117458
0.0115437
0.0113208
0.0113771
0.0113687
0.0111896
0.0111646
0.0110771
0.0106396
0.0105083
0.0105792
0.0107833
0.0113125
0.0115292
0.0117458
0.0125583
0.0130875
0.0138354
0.0141812
0.0139187
0.0136375
0.0131417
0.0128313
0.0126583
0.0125833
0.0125646
0.0128042
0.0129292
0.0128875
0.0126979
0.0121229
0.011575
0.0111229
0.0111271
0.0112417
0.0111833
0.0113208
0.0116854
0.0118667
0.0119708
0.0121083
0.0120396
0.0122396
0.0123917
0.0128562
0.0130604
0.0126979
0.0124542
0.0122062
0.0121208
0.0119375
0.01185
0.012175
0.0120688
0.0121562
0.0123479
0.0124354
0.0123646
0.0122062
0.01215
0.0118542
0.0116854
0.0115625
0.0111646
0.0106104
0.0101458
0.00995833
0.00966875
0.00925208
0.00871667
0.0084125
0.00820208
0.00765625
0.00745208
0.00728958
0.00690625
0.00650417
0.00621875
0.00642083
0.00656458
0.00668542
0.00651042
0.00654583
0.00666667
0.00683542
0.00688125
0.00710417
0.00710417
0.00722917
0.00738333
0.00716667
0.00748333
0.00795625
0.00829167
0.00862917
0.00899583
0.00919375
0.00933542
0.0094125
0.00950833
0.00951667
0.00950208
0.00962917
0.00976875
0.01005
0.0104521
0.0112042
0.0119271
0.0128021
0.0135938
0.0139979
0.0142417
0.0144208
0.0147312
0.0146229
0.0149375
0.0157583
0.0164979
0.0171542
0.0181667
0.0200083
0.0215104
0.0218125
0.0220125
0.0220917
0.0225563
0.0239396
0.0255479
0.0262771
0.0267271
0.0258896
0.0245479
0.0243604
0.0237146
0.0234229
0.0231271
0.0222208
0.021625
0.0202792
0.018875
0.0177917
0.0170438
0.0169188
0.0167875
0.0160271
0.0150896
0.0147187
0.0143583
0.0138396
0.0134042
0.0128187
0.0126646
0.0120292
0.012375
0.0125958
0.0124958
0.012375
0.0123146
0.0124021
0.0123417
0.0121021
0.0112958
0.0102896
0.00919792
0.00850208
0.00801667
0.00780417
0.00768333
0.00729792
0.00693125
0.00641667
0.00577083
0.00501875
0.00413542
0.00335417
0.00267083
0.00225
0.00196875
0.00162292
0.00135417
0.00142708
0.00170208
0.00192292
0.0022
0.0024
0.00261458
0.00293958
0.00321875
0.00348333
0.00358542
0.00372708
0.00395833
0.00405417
0.00428333
0.00444792
0.00465
0.00484167
0.00497083
0.00511042
0.00522083
0.00538125
0.00551875
0.00558542
0.00557083
0.00569583
0.00569375
0.00578125
0.00587083
0.00590625
0.00600833
0.00595833
0.00600208
0.00600417
0.006
0.00598542
0.00594375
0.0059625
0.00592917
0.00582917
0.00577917
0.00580417
0.00568958
0.00569583
0.00557708
0.0054
0.00547708
0.00524583
0.00530625
0.00506667
0.00492292
0.00464792
0.0044375
0.00398333
0.00364792
0.00320208
0.00291875
0.00280625
0.00278333
0.00305833
0.00369792
0.00420833
0.00458333
0.00466875
0.0047875
0.00479167
0.00486458
0.00506042
0.00521667
0.0057125
0.00644792
0.00722917
0.00764375
0.00791458
0.00801667
0.00785208
0.00811667
0.00811875
0.00837083
0.00836458
0.00830417
0.00835
0.00854583
0.00860208
0.00896458
0.0093125
0.00963125
0.0100917
0.01055
0.0111396
0.0118958
0.0123458
0.0130125
0.0138083
0.0145042
0.0151229
0.0157188
0.0165167
0.01755
0.0186813
0.0199
0.0208792
0.0214625
0.0224833
0.0232854
0.0240771
0.02445
0.0247188
0.0250813
0.0259167
0.0267396
0.0275708
0.0277333
0.0276687
0.0277063
0.0273375
0.0271438
0.0269687
0.0268083
0.0268333
0.0269604
0.0267167
0.0266958
0.0270896
0.0272417
0.0274396
0.0276604
0.0279583
0.0276708
0.0278417
0.0277042
0.0278604
0.0282875
0.0288125
0.0291792
0.0292958
0.0290146
0.028975
0.0288375
0.0287104
0.0281104
0.0278583
0.02805
0.0291604
0.0301396
0.0320438
0.0336313
0.0326125
0.030675
0.0285854
0.0258292
0.0230146
0.0209771
0.0195792
0.0175875
0.0155771
0.0140229
0.0132542
0.0119542
0.0106042
0.00969167
0.00805417
0.0063625
0.00477083
0.00347708
0.00298125
0.00225625
0.00191875
0.0020375
0.00219375
0.00236042
0.00251458
0.00264792
0.00275625
0.00291875
0.00303958
0.00317917
0.00326042
0.00332708
0.00339792
0.003425
0.00350417
0.00360417
0.00362083
0.00365
0.00370833
0.00366458
0.00372708
0.00374375
0.00367917
0.00371875
0.00378542
0.0038125
0.00382708
0.00390417
0.0039375
0.003975
0.00401667
0.00405833
0.0040625
0.00411875
0.00420833
0.00428333
0.00438542
0.00447083
0.00453125
0.00460833
0.00467083
0.0047
0.00479375
0.00484167
0.00491458
0.00496458
0.00500417
0.00506875
0.00525833
0.0061875
0.00733125
0.00865
0.0103271
0.0115729
0.0120833
0.0126271
0.0130917
0.0138021
0.0146354
0.0153646
0.0161146
0.0165938
0.0166521
0.0166625
0.016675
0.01665
0.0166292
0.0167667
0.0168208
0.0168604
0.0168792
0.0168417
0.0167562
0.0168229
0.0167417
0.0167312
0.0166979
0.0167146
0.0166125
0.0165688
0.0165229
0.0164938
0.0164604
0.0163792
0.0161979
0.0161146
0.016075
0.0159604
0.0158375
0.0156792
0.0155667
0.0154417
0.0152542
0.0151417
0.0149583
0.0147917
0.0146375
0.0144333
0.0142021
0.014025
0.0137854
0.013525
0.0132729
0.0130312
0.0127958
0.0126083
0.01245
0.0122292
0.0120875
0.0120063
0.0118625
0.0118
0.0117417
0.0117479
0.0116917
0.0116833
0.0116917
0.0116813
0.0116771
0.0117229
