0
0
0
0
0
0
0
0
0
0
0
0
0
0
0
0
0
0
0
0
0
0
0
0
0
0
0
0
0
0
0
0
0
0
0
0
0
0
0
0
0
0
0
0
0
0
0
0
0
0
0
0
0
0
0
0
0
0
0
0
0
0
0
0
0
0
0
0
0
0
0
0
0
0
0
0
0
0
0
0
0
0
0
0
0
0
0
0
0
0
0
0
0
0
0
0
0
0
0
0
0
0
0
0
0
0
0
0
0
0
0
0
0
0
0
0
0
0
0
0
0
0
0
0
0
0
0
0
1.15741e-005
0
0
0
0
0
0
0
0
0
0
0
0
0
0
0
0
0
0
0
0
0
0
0
0
0
0
0
0
0
0
0
0
0
0
0
0
0
0
0
0
0
0
0
0
0
0
0
0
0
0
0
0
0
0
0
0
0
0
0
0
0
0
0
0
0
0
0
0
0
0
0
0
0
0
0
0
0
0
0
0
0
0
0
0
0
0
0
0
0
0
0
0
0
0
0
0
0
0
0
0
0
0
0
0
0
0
0
0
0
0
0
0
0
0
0
0
0
0
0
0
0
0
0
0
1.15741e-005
0
0
0
0
0
0
0
0
0
0
0
0
0
0
0
0
0
0
0
0
0
0
0
0
0
0
0
0
0
0
0
0
0
1.15741e-005
0
0
0
0
0
0
0
0
0
0
0
0
0
0
0
5.78704e-005
0.000671296
0.0018287
0.00329861
0.00412037
0.00494213
0.00574074
0.00634259
0.00733796
0.00803241
0.00875
0.00934028
0.00945602
0.00943287
0.00863426
0.0080787
0.00792824
0.00842593
0.00887731
0.00903935
0.00887731
0.00902778
0.00918982
0.00930556
0.0094213
0.00987269
0.0100926
0.00990741
0.00981481
0.00903935
0.00804398
0.00769676
0.00752315
0.00861111
0.00917824
0.00896991
0.00900463
0.00899306
0.0091088
0.00921296
0.00924768
0.00935185
0.00961806
0.00943287
0.00940972
0.00861111
0.0078125
0.00804398
0.00887731
0.009375
0.00971065
0.0102199
0.0107176
0.0108912
0.011331
0.0111921
0.0118056
0.0122106
0.0121991
0.0124306
0.0113889
0.0108449
0.0100579
0.0100694
0.0108681
0.0111921
0.0108218
0.0107755
0.010625
0.0104977
0.0104514
0.0104977
0.0106829
0.0106134
0.0106597
0.0101852
0.00967593
0.00899306
0.00931713
0.00972222
0.00954861
0.00974537
0.0096875
0.00943287
0.00951389
0.0096875
0.00972222
0.010081
0.0100463
0.010081
0.00989583
0.00878472
0.00792824
0.0078125
0.00862269
0.0090625
0.0087037
0.00861111
0.00835648
0.00834491
0.00861111
0.00900463
0.0100347
0.0108565
0.0115509
0.0127546
0.0136111
0.0133102
0.0132986
0.0134028
0.014213
0.0143287
0.0141782
0.0142593
0.0143634
0.0148032
0.0153704
0.0158333
0.0162616
0.0164468
0.0162731
0.01625
0.0150926
0.0139005
0.0126157
0.0120023
0.0110995
0.0112384
0.0119792
0.0135301
0.0146296
0.0151505
0.0159259
0.0166551
0.0167477
0.0172106
0.0170023
0.0167361
0.0158102
0.0154977
0.0152199
0.0149537
0.0139699
0.0123843
0.0121759
0.0120139
0.0116435
0.0109606
0.0102894
0.00965278
0.00918982
0.00862269
0.00831018
0.00797454
0.00793981
0.00758102
0.00761574
0.00784722
0.00821759
0.0100579
0.0109144
0.0109259
0.0112616
0.0107639
0.0108565
0.0109606
0.0104398
0.0108333
0.0111574
0.0102894
0.0105903
0.0109954
0.0109259
0.0106019
0.0106366
0.0106597
0.0111343
0.0116204
0.0124421
0.0126389
0.012581
0.00920139
0.00730324
0.00778935
0.0107986
0.0129282
0.0127546
0.013588
0.0129745
0.0123148
0.0120949
0.012581
0.0131944
0.0135648
0.0142824
0.0147106
0.0141551
0.0140972
0.013669
0.0117477
0.00950231
0.00743056
0.00677083
0.00606481
0.00547454
0.00490741
0.00550926
0.00577546
0.00545139
0.00532407
0.00523148
0.00501157
0.00458333
0.0044213
0.00450231
0.00451389
0.00450231
0.00439815
0.00436343
0.00439815
0.00413194
0.00349537
0.0040625
0.00416667
0.00412037
0.00391204
0.00392361
0.0041088
0.00392361
0.00381944
0.00373843
0.00398148
0.00408565
0.00400463
0.00371528
0.00327546
0.00329861
0.00414352
0.00418981
0.00418981
0.00394676
0.00417824
0.00412037
0.0043287
0.00443287
0.0044213
0.00434028
0.00429398
0.00457176
0.00450231
0.00476852
0.00435185
0.00408565
0.00450231
0.00478009
0.00594907
0.00783565
0.010544
0.0120949
0.0133565
0.0145833
0.0156713
0.0163426
0.0175347
0.0180903
0.0183681
0.0189699
0.0190972
0.0195139
0.0198495
0.0193171
0.0188889
0.0191204
0.0206713
0.0211343
0.0209606
0.0207407
0.0206829
0.020544
0.0210417
0.0207755
0.0206713
0.0207523
0.0201273
0.0204282
0.0204398
0.0201968
0.0192593
0.0197801
0.0194907
0.0183912
0.0174884
0.0168287
0.0165162
0.0163657
0.0161227
0.0156366
0.0153935
0.0155903
0.0156713
0.0152894
0.0145949
0.0145023
0.0140856
0.0154745
0.0160301
0.0158102
0.0156597
0.0156134
0.0153009
0.0155787
0.0157176
0.0156019
0.0157176
0.0163426
0.0163426
0.0161227
0.0157986
0.0156944
0.0164352
0.0176968
0.0173843
0.0175
0.0175463
0.0170486
0.0172569
0.0178704
0.0177662
0.0179514
0.0178241
0.017963
0.017419
0.0168403
0.0163542
0.0160648
0.0173843
0.0183565
0.018588
0.0188194
0.0186111
0.0183681
0.0182639
0.0179051
0.0177315
0.0178125
0.0175347
0.017662
0.0168056
0.0167245
0.0162963
0.0161227
0.0170833
0.0165394
0.0159028
0.0157176
0.0156713
0.0158218
0.0159491
0.0161111
0.0159375
0.0159954
0.0157639
0.0154514
0.0146759
0.0140972
0.0141898
0.0150463
0.0158565
0.0160069
0.0162963
0.0164468
0.0166319
0.0164352
0.0165741
0.0164352
0.0165046
0.0165162
0.0164931
0.0162037
0.0158218
0.0152778
0.0147685
0.015544
0.016412
0.0165741
0.0166319
0.0165162
0.0166319
0.0166088
0.0165741
0.0164815
0.0163542
0.0162269
0.0160185
0.0156134
0.0138079
0.0117477
0.00929398
0.00675926
0.00520833
0.00372685
0.0025463
0.00171296
0.00131944
0.00101852
0.000787037
0.000462963
0.000173611
0
0
0
0
0
0
0
0
1.15741e-005
0
0
0
0
0
0
0
1.15741e-005
0
1.15741e-005
0
0
0
0
0
3.47222e-005
0
3.47222e-005
0
0
0
0
0
0
0
0
0
0
0
0
0
0
0
0
0
0
0
0
0
2.31481e-005
0
0
0
0
0
0
0
0
0
0
0
0
0
1.15741e-005
0
1.15741e-005
1.15741e-005
0
0
1.15741e-005
2.31481e-005
0
0
0
0
0
0
1.15741e-005
0
0
0
0
0
2.31481e-005
1.15741e-005
0
1.15741e-005
4.62963e-005
0
3.47222e-005
2.31481e-005
2.31481e-005
2.31481e-005
1.15741e-005
2.31481e-005
1.15741e-005
5.78704e-005
4.62963e-005
4.62963e-005
3.47222e-005
4.62963e-005
3.47222e-005
5.78704e-005
4.62963e-005
6.94444e-005
2.31481e-005
2.31481e-005
0
3.47222e-005
0
2.31481e-005
0
9.25926e-005
3.47222e-005
2.31481e-005
4.62963e-005
2.31481e-005
0.000115741
0.000324074
0.00100694
0.00150463
0.00225694
0.00290509
0.00387731
0.00438657
0.00469907
0.00509259
0.00559028
0.00594907
0.00666667
0.00695602
0.00744213
0.00761574
0.00813657
0.00854167
0.00895833
0.00923611
0.00905093
0.00930556
0.0094213
0.00958333
0.00980324
0.0102315
0.0103241
0.0104282
0.0101157
0.0102894
0.0106366
0.0108681
0.0111343
0.0104861
0.0107292
0.0107986
0.0107407
0.0107407
0.0107986
0.0106597
0.0104514
0.0104977
0.0105093
0.0105093
0.00993056
0.0101505
0.0105093
0.0105093
0.0106829
0.010463
0.0109838
0.0111806
0.0109028
0.0111921
0.0112963
0.0114699
0.0114468
0.0117361
0.0118171
0.0116782
0.011412
0.0116667
0.0116319
0.0116319
0.0114236
0.0111111
0.0112847
0.0113194
0.0112037
0.0114352
0.0117245
0.0117593
0.011794
0.0118981
0.0121296
0.0119907
0.0127431
0.0126852
0.0126389
0.0123148
0.0122801
0.0122222
0.0125347
0.0129167
0.0118171
0.0117014
0.0112384
0.0118634
0.0122106
0.0123727
0.0119329
0.011875
0.0123264
0.0130324
0.0128241
0.0124884
0.0123843
0.0120255
0.0116898
0.0108218
0.0106829
0.0109491
0.0118866
0.0119907
0.0119213
0.0118171
0.0119329
0.0124884
0.0123032
0.0123611
0.0119792
0.0113079
0.0110648
0.0107407
0.0108681
0.00998843
0.0102431
0.0101505
0.0103588
0.0117477
0.0117014
0.0118981
0.0117708
0.0119213
0.0126273
0.0132292
0.0128241
0.0131944
0.0131366
0.0131019
0.0119213
0.0117477
0.0113889
0.0118981
0.0127199
0.012581
0.0125347
0.0127546
0.0129282
0.013206
0.0126505
0.0121759
0.0117708
0.0117708
0.0115972
0.01125
0.0106366
0.0105093
0.0103009
0.0104282
0.0105208
0.0104861
0.0105556
0.0103935
0.0105671
0.0103356
0.0103935
0.0103588
0.0102083
0.0101505
0.0101273
0.0101505
0.0101736
0.00997685
0.00994213
0.0102431
0.0105671
0.0106481
0.010544
0.0105208
0.0106366
0.010625
0.0110764
0.0115509
0.0120949
0.0119792
0.0121065
0.011956
0.0122454
0.0119907
0.0115278
0.0109144
0.0107407
0.0108449
0.0117477
0.0115856
0.0115509
0.0116088
0.0120486
0.012419
0.0125347
0.011956
0.0120486
0.0114583
0.0112384
0.0107986
0.0103241
0.0107755
0.0115972
0.011956
0.0121065
0.0124074
0.0127894
0.0134028
0.0135532
0.0131829
0.0127778
0.0124884
0.0122917
0.0114815
0.011088
0.0110764
0.011412
0.0122338
0.0102431
0.00813657
0.00741898
0.0065162
0.00556713
0.00466435
0.00300926
0.00172454
0.000891204
0.000659722
0.000162037
6.94444e-005
4.62963e-005
4.62963e-005
4.62963e-005
3.47222e-005
3.47222e-005
4.62963e-005
0.000162037
3.47222e-005
4.62963e-005
9.25926e-005
3.47222e-005
5.78704e-005
2.31481e-005
2.31481e-005
2.31481e-005
3.47222e-005
5.78704e-005
2.31481e-005
3.47222e-005
3.47222e-005
4.62963e-005
5.78704e-005
0.000115741
6.94444e-005
0.000104167
9.25926e-005
8.10185e-005
0.000127315
0.000138889
5.78704e-005
4.62963e-005
2.31481e-005
0.000185185
2.31481e-005
4.62963e-005
4.62963e-005
3.47222e-005
4.62963e-005
4.62963e-005
0
5.78704e-005
9.25926e-005
3.47222e-005
0.000115741
5.78704e-005
0.000162037
