0
1
3
4
6
25
27
33
36
42
49
54
59
60
62
63
64
66
72
74
78
80
81
82
84
85
92
95
97
98
100
103
104
107
109
113
114
115
119
121
128
132
133
134
141
144
147
149
152
156
159
160
162
163
167
169
170
179
180
182
184
186
193
196
198
200
203
207
208
212
215
223
224
229
230
231
236
240
243
251
255
259
260
263
272
275
279
286
292
294
297
299
306
310
313
317
320
325
326
332
333
337
342
345
347
349
350
352
360
364
370
371
376
378
383
386
400
401
401
402
402
403
403
404
405
405
406
406
407
408
409
409
410
410
411
411
412
412
413
413
414
415
415
416
416
417
418
418
419
420
420
421
422
423
423
424
424
425
426
427
428
428
429
429
430
430
431
432
433
433
434
435
435
436
436
437
437
438
438
439
439
440
440
441
441
442
442
443
443
444
444
445
445
446
447
448
448
449
450
450
451
451
452
452
453
453
454
454
455
455
456
457
457
458
458
459
459
460
460
461
461
462
462
463
464
464
465
466
467
468
468
469
469
470
470
471
471
472
472
473
474
474
475
475
476
477
478
478
479
479
480
481
482
483
483
484
484
485
485
486
486
487
487
488
488
489
489
490
491
491
492
492
493
493
494
494
495
495
496
497
498
499
499
500
501
501
502
502
503
503
504
504
505
505
506
506
507
507
508
508
509
509
510
511
511
512
512
513
513
514
515
515
516
516
517
517
518
518
519
520
520
521
522
522
523
523
524
524
525
525
526
526
527
527
528
529
530
531
531
532
532
533
534
534
535
535
536
536
537
538
539
539
540
541
541
542
543
543
544
545
546
546
547
547
548
548
549
549
550
550
551
551
552
552
553
553
554
554
555
556
556
557
557
558
558
559
559
560
560
561
561
562
562
563
563
564
565
565
566
566
567
568
568
569
570
570
571
572
572
573
573
574
574
575
575
576
576
577
577
578
578
579
579
580
581
582
582
583
583
584
584
585
585
586
586
587
588
588
589
589
590
591
591
592
592
593
593
594
594
595
595
596
596
597
598
598
599
599
601
603
604
606
609
610
613
615
616
618
620
626
627
630
632
635
636
639
641
642
643
648
652
654
656
658
659
660
665
671
673
674
675
678
681
685
689
695
698
699
700
701
702
702
703
703
704
705
705
706
706
707
708
708
709
710
711
712
712
713
713
714
714
715
716
716
717
717
718
718
719
719
720
720
721
722
722
723
723
724
724
725
726
726
727
727
728
728
729
729
730
730
731
732
733
734
734
735
735
736
736
737
738
739
739
740
740
741
741
742
742
743
743
744
745
745
746
747
747
748
749
749
750
751
752
752
753
754
754
755
755
756
756
757
758
759
759
760
760
761
761
762
763
763
764
764
765
765
766
766
767
768
768
769
770
771
771
772
772
773
773
774
774
775
775
776
777
778
778
779
780
780
781
781
782
782
783
784
784
785
785
786
787
787
788
788
789
789
790
790
791
792
792
793
793
794
794
795
795
796
796
797
797
798
798
799
799
800
801
807
808
815
822
823
827
838
841
843
845
850
851
854
855
856
857
859
860
861
862
866
868
870
876
882
884
885
886
889
891
903
907
908
911
914
917
918
924
927
932
937
938
940
943
947
950
951
952
953
958
963
969
973
976
978
981
988
989
990
991
992
996
