0
0
0
0
0
0.976831
0.976954
0.9771
0.976785
0.977013
0.977194
0.976812
0.977217
0.976677
0.976983
0.976912
0.976687
0.976812
0.976952
0.976906
0.976656
0.977052
0.97726
0.976873
0.976733
0.976965
0.977135
0.976767
0.976975
0.976862
0.97706
0.976708
0.976796
0.97675
0.977152
0.97684
0.976915
0.976923
0.976827
0.976992
0.976846
0.976931
0.97661
0.977027
0.977019
0.976908
0.976783
0.976665
0.977123
0.976983
0.97759
0.977598
0.977375
0.97735
0.977729
0.977696
0.977715
0.977325
0.9776
0.977715
0.977308
0.977404
0.977533
0.977567
0.977588
0.977379
0.977658
0.977865
0.977356
0.977308
0.977554
0.977958
0.977527
0.977521
0.977619
0.977746
0.977462
0.977671
0.977733
0.977679
0.977546
0.977423
0.97759
0.97749
0.977721
0.977787
0.97736
0.977848
0.977675
0.978094
0.977902
0.978369
0.978204
0.977877
0.978027
0.977517
0.97789
0.97799
0.97759
0.977796
0.977981
0.977737
0.977888
0.977771
0.977648
0.977679
0.977548
0.977444
0.977538
0.977387
0.977492
0.977615
0.977325
0.977473
0.977406
0.97729
0.97766
0.977508
0.977644
0.977425
0.977583
0.977462
0.97764
0.977565
0.977515
0.97755
0.977744
0.977571
0.977719
0.977196
0.977758
0.977663
0.977646
0.977417
0.977488
0.977271
0.977444
0.977554
0.97764
0.977533
0.977442
0.977475
0.977452
0.977379
0.9778
0.977571
0.977746
0.977598
0.977808
0.977702
0.977506
0.977406
0.977635
0.977758
0.977287
0.977608
0.9775
0.977617
0.977471
0.97794
0.977648
0.977869
0.977433
0.977606
0.977579
0.977956
0.977365
0.977929
0.977823
0.977377
0.977769
0.977596
0.977529
0.977569
0.977469
0.977385
0.977244
0.977517
0.977108
0.977535
0.977606
0.977058
0.977135
0.977204
0.977098
0.977129
0.97705
0.97725
0.977375
0.977423
0.977231
0.977517
0.977242
0.977179
0.977285
0.977269
0.977133
0.977138
0.977531
0.977133
0.977181
0.976973
0.977194
0.977319
0.977398
0.977067
0.977185
0.977096
0.976833
0.97704
0.976804
0.977477
0.977096
0.977221
0.97696
0.977335
0.977177
0.977104
0.977135
0.977267
0.977277
0.977179
0.977177
0.976815
0.977296
0.977021
0.977056
0.977165
0.977127
0.977208
0.977165
0.977398
0.977183
0.97724
0.977477
0.977023
0.976912
0.977181
0.976987
0.977208
0.977031
0.977177
0.977258
0.976754
0.976823
0.976935
0.977206
0.977096
0.977217
0.977235
0.97686
0.977308
0.976973
0.977196
0.977292
0.976969
0.976929
0.976954
0.976873
0.976963
0.976625
0.976898
0.976898
0.976627
0.977002
0.9768
0.977019
0.976908
0.976779
0.97705
0.976981
0.977029
0.976604
0.976656
0.976483
0.976752
0.976648
0.976631
0.976821
0.976412
0.97686
0.976921
0.97666
0.976363
0.976621
0.976029
0.975963
0.975783
0.975915
0.975827
0.97619
0.975738
0.975783
0.975702
0.975746
0.975769
0.975933
0.975333
0.975654
0.975519
0.975317
0.975421
0.975592
0.975492
0.975633
0.975206
0.975333
0.975646
0.975481
0.975237
0.975092
0.974467
0.97451
0.974181
0.973708
0.973527
0.97296
0.97284
0.972785
0.972867
0.972529
0.972352
0.972202
0.971785
0.971835
0.970129
0.970125
0.969971
0.969871
0.970435
0.97076
0.970696
0.970863
0.970902
0.970704
0.970631
0.971177
0.97119
0.971333
0.971104
0.971644
0.971821
0.97165
0.971925
0.97234
0.97231
0.972365
0.972829
0.972675
0.972669
0.972967
0.9737
0.973852
0.973794
0.97404
0.974394
0.97445
0.974185
0.974796
0.974821
0.974754
0.974292
0.974508
0.97466
0.974929
0.975246
0.97551
0.975483
0.975621
0.97555
0.975738
0.975937
0.976046
0.976079
0.976073
0.975769
0.976071
0.976388
0.975858
0.97584
0.976202
0.976433
0.976313
0.976115
0.97596
0.976204
0.97644
0.97665
0.976319
0.976365
0.976215
0.976333
0.976287
0.976396
0.976179
0.976304
0.976038
0.976598
0.976477
0.976281
0.976273
0.976402
0.976527
0.976408
0.976392
0.976296
0.976567
0.97645
0.976169
0.975933
0.976252
0.975944
0.976092
0.97614
0.976021
0.976142
0.976115
0.976162
0.975971
0.976177
0.976083
0.975956
0.97616
0.976371
0.976379
0.976233
0.976242
0.976365
0.976175
0.976002
0.976358
0.976208
0.976208
0.976098
0.976402
0.975898
0.976315
0.976179
0.976188
0.976308
0.976029
0.976177
0.976106
0.97596
0.976219
0.97614
0.976129
0.976021
0.976192
0.976254
0.976385
0.975973
0.9762
0.97594
0.976131
0.975929
0.976123
0.9761
0.976412
0.976033
0.976121
0.975923
0.976173
0.976144
0.976173
0.975998
0.97654
0.976258
0.976502
0.976065
0.976027
0.976102
0.976108
0.976202
0.976204
0.976129
0.976146
0.97615
0.976263
0.976481
0.976271
0.976071
0.976054
0.976133
0.975817
0.975765
0.97619
0.976219
0.976067
0.976198
0.976367
0.976398
0.975783
0.976477
0.97629
0.975944
0.97646
0.976171
0.976102
0.976254
0.976471
0.976227
0.97634
0.97626
0.976096
0.976402
0.976075
0.9764
0.976315
0.975977
0.9762
0.97604
0.976319
0.976254
0.975908
0.976208
0.976358
0.976354
0.976292
0.976092
0.976008
0.97609
0.976415
0.976144
0.976229
0.976077
0.975996
0.976283
0.976675
0.975983
0.97634
0.976419
0.976181
0.976242
0.976198
0.976088
0.976269
0.976373
0.976221
0.976138
0.976004
0.976219
0.976704
0.976415
0.976519
0.97659
0.976313
0.976431
0.976248
0.97635
0.976579
0.97639
0.976152
0.976538
0.976479
0.976258
0.976442
0.97644
0.976317
0.97651
0.976623
0.976342
0.97651
0.976273
0.976669
0.976498
0.976452
0.976529
0.976554
0.976469
0.976552
0.97639
0.976419
0.976471
0.976383
0.976165
0.976425
0.976292
0.976217
0.976123
0.97624
0.976446
0.976494
0.976483
0.976525
0.976462
0.976531
0.976304
0.976731
0.976281
0.976625
0.976356
0.976337
0.976398
0.976279
0.976462
0.976204
0.976304
0.976479
0.976527
